x=3

x =

     3

x+7

ans =

    10

y=33

y =

    33

y+34

ans =

    67

diary off
z=11

z =

    11

diary off
